432
433
839
840
1234
1235
1621
1622
2007
2008
2402
2403
2815
2816
3248
3249
3698
3699
4153
4154
4603
4604
5040
5041
5466
5467
5891
5892
6317
6318
6737
6738
7146
7147
7543
7544
7931
7932
8317
8318
8709
8710
9118
9119
9548
9549
9995
9996
10450
10451
10902
10903
11342
11343
11770
11771
12195
12196
12621
12622
13034
13035
13435
13436
13826
13827
14212
14213
14601
14602
15004
15005
15427
15428
15869
15870
16323
16324
16777
16778
17221
17222
17652
17653
18077
18078
18503
18504
18927
18928
19342
19343
19745
19746
20137
20138
20523
20524
20911
20912
21310
21311
21729
21730
22168
22169
22621
22622
23076
23077
23522
23523
23955
23956
24380
24381
24805
24806
25229
25230
25646
25647
26051
26052
26444
26445
26831
26832
27218
27219
27615
27616
28031
28032
28467
28468
28918
28919
29373
29374
29821
29822
30256
30257
30681
30682
31106
31107
31531
31532
31949
31950
32356
32357
32751
32752
33138
33139
33524
33525
33918
33919
34330
34331
34763
34764
35212
35213
35667
35668
36117
36118
36554
36555
36980
36981
37405
37406
37830
37831
38250
38251
38659
38660
39056
39057
39444
39445
39830
39831
40222
40223
40631
40632
41061
41062
41508
41509
41963
41964
42415
42416
42855
42856
43282
43283
43707
43708
44133
44134
44554
44555
44965
44966
45364
45365
45753
45754
46138
46139
46528
46529
46933
46934
47359
47360
47804
47805
48258
48259
48711
48712
49153
49154
49582
49583
50006
50007
50432
50433
50855
50856
51268
51269
51669
51670
52060
52061
52446
52447
52835
52836
53237
53238
53660
53661
54102
54103
54556
54557
55010
55011
55454
55455
55885
55886
56310
56311
56736
56737
57159
57160
57574
57575
57977
57978
58369
58370
58755
58756
59142
59143
59541
59542
59960
59961
60399
60400
60851
60852
61306
61307
61752
61753
62185
62186
62610
62611
63035
63036
63459
63460
63876
63877
64281
64282
64675
64676
65062
65063
65448
65449
65845
65846
66260
66261
66696
66697
67147
67148
67602
67603
68050
68051
68485
68486
68911
68912
69336
69337
69761
69762
70179
70180
70586
70587
70981
70982
71368
71369
71754
71755
72148
72149
72560
72561
72993
72994
73442
73443
73897
73898
74347
74348
74784
74785
75210
75211
75635
75636
76060
76061
76480
76481
76889
76890
77286
77287
77674
77675
78059
78060
78451
78452
78859
78860
79288
79289
79735
79736
80190
80191
80642
80643
81082
81083
81509
81510
81933
81934
82359
82360
82780
82781
83191
83192
83590
83591
83979
83980
84364
84365
84754
84755
85159
85160
85585
85586
86029
86030
86483
86484
86936
86937
87378
87379
87807
87808
88231
88232
88657
88658
89080
89081
89493
89494
89894
89895
90285
90286
90671
90672
91060
91061
91462
91463
91884
91885
92326
92327
92779
92780
93233
93234
93677
93678
94108
94109
94532
94533
94957
94958
95380
95381
95795
95796
96198
96199
96590
96591
96976
96977
97363
97364
97762
97763
98181
98182
98620
98621
99072
99073
99526
99527
99972
99973
100405
100406
100830
100831
101255
101256
101679
101680
102096
102097
102501
102502
102895
102896
103282
103283
103668
103669
104064
104065
104479
104480
104915
104916
105366
105367
105821
105822
106269
106270
106704
106705
107129
107130
107554
107555
107979
107980
108397
108398
108800
108801
109192
109193
109578
109579
109965
109966
110364
110365
110782
110783
111220
111221
111672
111673
112127
112128
112574
112575
113007
113008
113432
113433
113857
113858
114281
114282
114698
114699
115103
115104
115497
115498
115884
115885
116270
116271
116666
116667
117081
117082
117516
117517
117966
117967
118421
118422
118869
118870
119304
119305
119730
119731
120155
120156
120580
120581
120999
121000
121406
121407
121801
121802
122188
122189
122574
122575
122968
122969
123379
123380
123811
123812
124260
124261
124715
124716
125165
125166
125603
125604
126029
126030
126454
126455
126879
126880
127299
127300
127708
127709
128105
128106
128493
128494
128879
128880
129270
129271
129678
129679
130107
130108
130553
130554
131008
131009
131460
131461
131900
131901
132328
132329
132752
132753
133177
133178
133599
133600
134010
134011
134409
134410
134799
134800
135184
135185
135574
135575
135978
135979
136403
136404
136847
136848
137301
137302
137754
137755
138196
138197
138625
138626
139049
139050
139475
139476
139898
139899
140311
140312
140712
140713
141103
141104
141489
141490
141877
141878
142278
142279
142700
142701
143141
143142
143594
143595
144048
144049
144493
144494
144924
144925
145349
145350
145774
145775
146198
146199
146613
146614
147016
147017
147408
147409
147794
147795
148181
148182
148579
148580
148997
148998
149435
149436
149887
149888
150342
150343
150789
150790
151222
151223
151647
151648
152072
152073
152496
152497
152913
152914
153318
153319
153712
153713
154099
154100
154485
154486
154881
154882
155295
155296
155730
155731
156180
156181
156635
156636
157084
157085
157520
157521
157945
157946
158370
158371
158795
158796
159214
159215
159622
159623
160018
160019
160406
160407
160792
160793
161185
161186
161596
161597
162028
162029
162476
162477
162931
162932
163381
163382
163819
163820
164245
164246
164670
164671
165095
165096
165515
165516
165925
165926
166323
166324
166712
166713
167098
167099
167489
167490
167896
167897
168324
168325
168770
168771
169225
169226
169677
169678
170117
170118
170545
170546
170969
170970
171395
171396
171817
171818
172229
172230
172629
172630
173019
173020
173404
173405
173794
173795
174198
174199
174623
174624
175067
175068
175521
175522
175974
175975
176417
176418
176847
176848
177271
177272
177697
177698
178120
178121
178534
178535
178936
178937
179327
179328
179713
179714
180101
180102
180502
180503
180923
180924
181364
181365
181817
181818
182271
182272
182716
182717
183147
183148
183572
183573
183997
183998
184421
184422
184836
184837
185240
185241
185633
185634
186019
186020
186406
186407
186804
186805
187221
187222
187659
187660
188111
188112
188566
188567
189013
189014
189447
189448
189872
189873
190297
190298
190722
190723
191139
191140
191545
191546
191939
191940
192326
192327
192712
192713
193107
193108
193521
193522
193956
193957
194406
194407
194861
194862
195310
195311
195746
195747
196172
196173
196597
196598
197022
197023
197441
197442
197849
197850
198245
198246
198633
198634
199019
199020
199412
199413
199822
199823
200253
200254
200701
200702
201156
201157
201607
201608
202045
202046
202472
202473
202897
202898
203322
203323
203742
203743
204152
204153
204550
204551
204939
204940
205325
205326
205716
205717
206123
206124
206550
206551
206996
206997
207451
207452
207903
207904
208344
208345
208772
208773
209197
209198
209623
209624
210045
210046
210457
210458
210857
210858
211247
211248
211632
211633
212021
212022
212425
212426
212849
212850
213292
213293
213746
213747
214199
214200
214642
214643
215072
215073
215497
215498
215923
215924
216346
216347
216760
216761
217162
217163
217553
217554
217939
217940
218327
218328
218727
218728
219116
219117
219502
219503
219893
219894
220299
220300
220726
220727
221171
221172
221626
221627
222078
222079
222519
222520
222948
222949
223373
223374
223799
223800
224221
224222
224633
224634
225033
225034
225423
225424
225809
225810
226198
226199
226601
226602
227025
227026
227468
227469
227922
227923
228376
228377
228820
228821
229250
229251
229675
229676
230101
230102
230524
230525
230938
230939
231340
231341
231732
231733
232118
232119
232506
232507
232906
232907
233326
233327
233766
233767
234219
234220
234673
234674
235119
235120
235551
235552
235976
235977
236401
236402
236825
236826
237241
237242
237645
237646
238038
238039
238425
238426
238812
238813
239209
239210
239625
239626
240062
240063
240513
240514
240968
240969
241416
241417
241851
241852
242276
242277
242701
242702
243126
243127
243544
243545
243951
243952
244346
244347
244733
244734
245119
245120
245514
245515
245927
245928
246360
246361
246810
246811
247265
247266
247715
247716
248152
248153
248578
248579
249003
249004
249428
249429
249848
249849
250257
250258
250654
250655
251042
251043
251428
251429
251821
251822
252230
252231
252660
252661
253107
253108
253562
253563
254013
254014
254453
254454
254881
254882
255306
255307
255732
255733
256153
256154
256564
256565
256963
256964
257352
257353
257738
257739
258129
258130
258535
258536
258962
258963
259407
259408
259862
259863
260315
260316
260757
260758
261186
261187
261611
261612
262037
262038
262460
262461
262873
262874
263274
263275
263665
263666
264051
264052
264440
264441
264843
264844
265266
265267
265708
265709
266162
266163
266616
266617
267060
267061
267491
267492
267916
267917
268342
268343
268766
268767
269181
269182
269584
269585
269976
269977
270362
270363
270750
270751
271150
271151
271569
271570
272009
272010
272462
272463
272917
272918
273363
273364
273796
273797
274221
274222
274647
274648
275072
275073
275489
275490
275894
275895
276288
276289
276675
276676
277062
277063
277459
277460
277875
277876
278311
278312
278762
278763
279217
279218
279666
279667
280101
280102
280527
280528
280952
280953
281377
281378
281795
281796
282202
282203
282597
282598
282985
282986
283371
283372
283765
283766
284177
284178
284610
284611
285059
285060
285514
285515
285964
285965
286401
286402
286828
286829
287253
287254
287679
287680
288099
288100
288508
288509
288905
288906
289293
289294
289679
289680
290071
290072
290480
290481
290910
290911
291357
291358
291812
291813
292264
292265
292704
292705
293132
293133
293557
293558
293983
293984
294404
294405
294815
294816
295214
295215
295604
295605
295990
295991
296380
296381
296785
296786
297211
297212
297656
297657
298111
298112
298564
298565
299007
299008
299437
299438
299862
299863
300288
300289
300711
300712
301124
301125
301525
301526
301916
301917
302302
302303
302691
302692
303093
303094
303516
303517
303958
303959
304412
304413
304866
304867
305311
305312
305742
305743
306167
306168
306593
306594
307017
307018
307432
307433
307835
307836
308227
308228
308614
308615
309001
309002
309398
309399
309813
309814
310249
310250
310700
310701
311155
311156
311604
311605
312040
312041
312466
312467
312891
312892
313316
313317
313735
313736
314142
314143
314538
314539
314926
314927
315312
315313
315706
315707
316118
316119
316550
316551
316999
317000
317454
317455
317905
317906
318343
318344
318770
318771
319195
319196
319621
319622
320041
320042
320451
320452
320849
320850
321238
321239
321624
321625
322016
322017
322424
322425
322853
322854
323300
323301
323755
323756
324207
324208
324648
324649
325076
325077
325501
325502
325927
325928
326349
326350
326761
326762
327161
327162
327551
327552
327937
327938
328327
328328
328732
328733
329157
329158
329601
329602
330056
330057
330509
330510
330952
330953
331382
331383
331807
331808
332233
332234
332656
332657
333070
333071
333472
333473
333863
333864
334249
334250
334638
334639
335040
335041
335462
335463
335903
335904
336357
336358
336811
336812
337256
337257
337688
337689
338113
338114
338539
338540
338963
338964
339379
339380
339783
339784
340176
340177
340614
340615
341066
341067
341521
341522
341968
341969
342402
342403
342827
342828
343252
343253
343677
343678
344094
344095
344499
344500
344893
344894
345280
345281
345666
345667
346061
346062
346495
346496
346945
346946
347400
347401
347849
347850
348285
348286
348710
348711
349134
349135
349558
349559
349976
349977
350383
350384
350778
350779
351163
351164
351555
351556
351964
351965
352394
352395
352841
352842
353226
353227
353616
353617
354021
354022
354447
354448
354901
354902
355353
355354
355794
355795
356222
356223
356646
356647
357071
357072
357493
357494
357905
357906
358305
358306
358695
358696
359080
359081
359468
359469
359869
359870
360290
360291
360731
360732
361184
361185
361638
361639
362082
362083
362513
362514
362937
362938
363362
363363
363785
363786
364199
364200
364602
364603
364994
364995
365380
365381
365766
365767
366163
366164
366580
366581
367017
367018
367468
367469
367922
367923
368369
368370
368802
368803
369226
369227
369650
369651
370074
370075
370491
370492
370896
370897
371290
371291
371676
371677
372062
372063
372456
372457
372869
372870
373302
373303
373751
373752
374206
374207
374655
374656
375091
375092
375517
375518
375941
375942
376365
376366
376784
376785
377192
377193
377588
377589
377975
377976
378360
378361
378752
378753
379160
379161
379589
379590
380036
380037
380491
380492
380930
380931
381357
381358
381781
381782
382205
382206
382625
382626
383035
383036
383433
383434
383821
383822
384205
384206
384594
384595
384998
384999
385422
385423
385865
385866
386318
386319
386770
386771
387212
387213
387640
387641
388063
388064
388487
388488
388908
388909
389320
389321
389720
389721
390110
390111
390494
390495
390880
390881
391279
391280
391698
391699
392137
392138
392588
392589
393041
393042
393485
393486
393916
393917
394339
394340
394724
394725
395119
395120
395533
395534
395967
395968
396416
396417
396870
396871
397317
397318
397751
397752
398175
398176
398598
398599
399021
399022
399438
399439
399844
399845
400238
400239
400624
400625
401010
401011
401409
401410
401828
401829
402267
402268
402718
402719
403171
403172
403615
403616
404045
404046
404468
404469
404891
404892
405313
405314
405727
405728
406129
406130
406520
406521
406905
406906
407290
407291
407685
407686
408099
408100
408534
408535
408984
408985
409438
409439
409885
409886
410319
410320
410743
410744
411166
411167
411589
411590
412005
412006
412410
412411
412804
412805
413190
413191
413574
413575
413965
413966
414374
414375
414804
414805
415251
415252
415705
415706
416130
416131
416552
416553
416975
416976
417394
417395
417802
417803
418198
418199
418585
418586
418969
418970
419358
419359
419762
419763
420187
420188
420630
420631
421083
421084
421534
421535
421974
421975
422401
422402
422824
422825
423247
423248
423667
423668
424078
424079
424477
424478
424866
424867
425250
425251
425636
425637
426036
426037
426456
426457
426895
426896
427347
427348
427800
427801
428244
428245
428674
428675
429097
429098
429520
429521
429942
429943
430356
430357
430758
430759
431149
431150
431534
431535
431919
431920
432314
432315
432728
432729
433163
433164
433613
433614
434067
434068
434514
434515
434947
434948
435371
435372
435794
435795
436217
436218
436633
436634
437038
437039
437431
437432
437817
437818
438201
438202
438593
438594
439002
439003
439432
439433
439879
439880
440333
440334
440782
440783
441219
441220
441644
441645
442067
442068
442490
442491
442908
442909
443316
443317
443712
443713
444099
444100
444483
444484
444872
444873
445276
445277
445701
445702
446145
446146
446598
446599
447049
447050
447489
447490
447916
447917
448338
448339
448761
448762
449181
449182
449592
449593
449991
449992
450380
450381
450764
450765
451151
451152
451551
451552
451971
451972
452411
452412
452863
452864
453315
453316
453758
453759
454188
454189
454611
454612
455034
455035
455455
455456
455868
455869
456270
456271
456661
456662
457045
457046
457430
457431
457825
457826
458240
458241
458675
458676
459125
459126
459578
459579
460024
460025
460457
460458
460880
460881
461302
461303
461724
461725
462140
462141
462545
462546
462938
462939
463323
463324
463707
463708
464099
464100
464508
464509
464938
464939
465385
465386
465839
465840
466288
466289
466725
466726
467150
467151
467572
467573
467995
467996
468413
468414
468821
468822
469217
469218
469604
469605
469987
469988
470376
470377
470780
470781
471205
471206
471648
471649
472101
472102
472552
472553
472992
472993
473419
473420
473841
473842
474264
474265
474684
474685
475095
475096
475494
475495
475883
475884
476267
476268
476653
476654
477052
477053
477472
477473
477911
477912
478363
478364
478816
478817
479260
479261
479690
479691
480112
480113
480535
480536
480956
480957
481369
481370
481771
481772
482162
482163
482546
482547
482931
482932
483326
483327
483740
483741
484175
484176
484624
484625
485077
485078
485524
485525
485957
485958
486380
486381
486802
486803
487224
487225
487640
487641
488045
488046
488438
488439
488824
488825
489208
489209
489599
489600
490008
490009
490438
490439
490885
490886
491338
491339
491787
491788
492224
492225
492649
492650
493071
493072
493494
493495
493912
493913
494320
494321
494716
494717
495103
495104
495486
495487
495875
495876
496279
496280
496704
496705
497147
497148
497600
497601
498051
498052
498491
498492
498918
498919
499340
499341
499763
499764
500183
500184
500594
500595
500993
500994
501382
501383
501766
501767
502152
502153
502551
502552
502970
502971
503409
503410
503860
503861
504313
504314
504757
504758
505187
505188
505609
505610
506032
506033
506453
506454
506866
506867
507268
507269
507659
507660
508043
508044
508428
508429
508823
508824
509237
509238
509671
509672
510120
510121
510525
510526
510918
510919
511303
511304
511687
511688
512079
512080
512488
512489
512916
512917
513358
513359
513806
513807
514251
514252
514686
514687
515113
515114
515541
515542
515970
515971
516392
516393
516801
516802
517197
517198
517583
517584
517966
517967
518355
518356
518760
518761
519183
519184
519622
519623
520069
520070
520515
520516
520953
520954
521381
521382
521808
521809
522237
522238
522662
522663
523075
523076
523474
523475
523862
523863
524245
524246
524632
524633
525032
525033
525451
525452
525887
525888
526333
526334
526780
526781
527220
527221
527650
527651
528077
528078
528506
528507
528933
528934
529349
529350
529751
529752
530141
530142
530525
530526
530910
530911
531306
531307
531720
531721
532152
532153
532596
532597
533044
533045
533487
533488
533920
533921
534347
534348
534776
534777
535204
535205
535623
535624
536029
536030
536422
536423
536807
536808
537191
537192
537583
537584
537992
537993
538419
538420
538860
538861
539307
539308
539752
539753
540187
540188
540614
540615
541042
541043
541471
541472
541893
541894
542302
542303
542698
542699
543084
543085
543467
543468
543856
543857
544260
544261
544683
544684
545121
545122
545568
545569
546014
546015
546452
546453
546881
546882
547308
547309
547738
547739
548163
548164
548576
548577
548975
548976
549363
549364
549746
549747
550132
550133
550532
550533
550950
550951
551385
551386
551831
551832
552278
552279
552719
552720
553149
553150
553576
553577
554005
554006
554432
554433
554848
554849
555251
555252
555642
555643
556026
556027
556411
556412
556806
556807
557219
557220
557650
557651
558094
558095
558542
558543
558985
558986
559418
559419
559845
559846
560273
560274
560701
560702
561121
561122
561527
561528
561920
561921
562305
562306
562688
562689
563080
563081
563488
563489
563915
563916
564356
564357
564803
564804
565248
565249
565684
565685
566111
566112
566539
566540
566968
566969
567390
567391
567800
567801
568196
568197
568582
568583
568965
568966
569354
569355
569758
569759
570180
570181
570618
570619
571065
571066
571511
571512
571949
571950
572378
572379
572805
572806
573234
573235
573659
573660
574072
574073
574472
574473
574860
574861
575243
575244
575629
575630
576028
576029
576446
576447
576881
576882
577326
577327
577773
577774
578214
578215
578645
578646
579071
579072
579500
579501
579927
579928
580344
580345
580747
580748
581138
581139
581522
581523
581906
581907
582301
582302
582714
582715
583145
583146
583588
583589
584035
584036
584478
584479
584911
584912
585338
585339
585766
585767
586195
586196
586615
586616
587021
587022
587415
587416
587800
587801
588183
588184
588574
588575
588982
588983
589408
589409
589849
589850
590296
590297
590741
590742
591177
591178
591604
591605
592032
592033
592461
592462
592884
592885
593294
593295
593691
593692
594078
594079
594461
594462
594849
594850
595252
595253
595674
595675
596112
596113
596558
596559
597004
597005
597442
597443
597871
597872
598298
598299
598727
598728
599152
599153
599566
599567
599966
599967
600355
600356
600738
600739
601124
601125
601522
601523
601939
601940
602373
602374
602818
602819
603265
603266
603706
603707
604137
604138
604563
604564
604992
604993
605419
605420
605836
605837
606239
606240
606630
606631
607014
607015
607398
607399
607792
607793
608204
608205
608634
608635
609077
609078
609524
609525
609967
609968
610400
610401
610827
610828
611255
611256
611684
611685
612104
612105
612511
612512
612905
612906
613290
613291
613673
613674
614064
614065
614471
614472
614897
614898
615337
615338
615784
615785
616229
616230
616665
616666
617093
617094
617520
617521
617949
617950
618372
618373
618782
618783
619179
619180
619566
619567
619949
619950
620337
620338
620739
620740
621160
621161
621597
621598
622043
622044
622490
622491
622929
622930
623358
623359
623785
623786
624214
624215
624640
624641
625054
625055
625454
625455
625843
625844
626226
626227
626612
626613
627010
627011
627426
627427
627860
627861
628305
628306
628752
628753
629193
629194
629624
629625
630050
630051
630479
630480
630907
630908
631324
631325
631728
631729
632119
632120
632503
632504
632887
632888
633281
633282
633692
633693
634122
634123
634565
634566
635012
635013
635456
635457
635890
635891
636317
636318
636745
636746
637174
637175
637595
637596
638002
638003
638396
638397
638781
638782
639164
639165
639554
639555
639960
639961
640385
640386
640825
640826
641272
641273
641717
641718
642153
642154
642581
642582
643008
643009
643437
643438
643860
643861
644271
644272
644668
644669
645055
645056
645438
645439
645825
645826
646227
646228
646647
646648
647084
647085
647530
647531
647976
647977
648415
648416
648844
648845
649271
649272
649700
649701
650126
650127
650541
650542
650942
650943
651331
651332
651714
651715
652099
652100
652496
652497
652911
652912
653344
653345
653788
653789
654235
654236
654677
654678
655109
655110
655535
655536
655964
655965
656392
656393
656810
656811
657214
657215
657606
657607
657990
657991
658374
658375
658767
658768
659178
659179
659607
659608
660049
660050
660496
660497
660940
660941
661374
661375
661801
661802
662229
662230
662658
662659
663079
663080
663487
663488
663882
663883
664265
664266
664655
664656
665061
665062
665485
665486
665925
665926
666372
666373
666818
666819
667255
667256
667683
667684
668110
668111
668539
668540
668963
668964
669374
669375
669772
669773
670159
670160
670542
670543
670929
670930
671330
671331
671750
671751
672186
672187
672632
672633
673079
673080
673519
673520
673948
673949
674375
674376
674804
674805
675230
675231
675645
675646
676046
676047
676436
676437
676819
676820
677204
677205
677600
677601
678015
678016
678447
678448
678891
678892
679338
679339
679780
679781
680212
680213
680638
680639
681067
681068
681495
681496
681913
681914
682318
682319
682710
682711
683094
683095
683478
683479
683871
683872
684281
684282
684709
684710
685151
685152
685598
685599
686042
686043
686476
686477
686903
686904
687331
687332
687760
687761
688182
688183
688591
688592
688986
688987
689372
689373
689755
689756
690144
690145
690549
690550
690973
690974
691412
691413
691859
691860
692305
692306
692742
692743
693170
693171
693597
693598
694026
694027
694450
694451
694862
694863
695260
695261
695648
695649
696031
696032
696418
696419
696818
696819
697237
697238
697673
697674
698119
698120
698566
698567
699006
699007
699436
699437
699863
699864
700292
700293
700718
700719
701134
701135
701536
701537
701926
701927
702309
702310
702694
702695
703090
703091
703504
703505
703936
703937
704380
704381
704827
704828
705269
705270
705701
705702
706127
706128
706555
706556
706983
706984
707402
707403
707807
707808
708200
708201
708585
708586
708968
708969
709360
709361
709769
709770
710196
710197
710637
710638
711084
711085
711528
711529
711963
711964
712390
712391
712818
712819
713247
713248
713669
713670
714078
714079
714474
714475
714860
714861
715243
715244
715632
715633
716036
716037
716459
716460
716897
716898
717344
717345
717790
717791
718228
718229
718656
718657
719083
719084
719512
719513
719937
719938
720350
720351
720749
720750
721137
721138
721520
721521
721906
721907
722305
722306
722723
722724
723158
723159
723603
723604
724050
724051
724490
724491
724920
724921
725346
725347
725775
725776
726202
726203
726618
726619
727020
727021
727410
727411
727794
727795
728178
728179
728573
728574
728986
728987
729417
729418
729860
729861
730307
730308
730750
730751
731183
731184
731609
731610
732037
732038
732465
732466
732885
732886
733291
733292
733684
733685
734069
734070
734452
734453
734843
734844
735251
735252
735678
735679
736119
736120
736566
736567
737011
737012
737446
737447
737873
737874
738300
738301
738729
738730
739151
739152
739561
739562
739957
739958
740343
740344
740726
740727
741114
741115
741517
741518
741939
741940
742377
742378
742823
742824
743269
743270
743707
743708
744136
744137
744563
744564
744992
744993
745417
745418
745830
745831
746230
746231
746618
746619
747001
747002
747387
747388
747785
747786
748202
748203
748636
748637
749081
749082
749528
749529
749969
749970
750400
750401
750826
750827
751255
751256
751682
751683
752099
752100
752502
752503
752893
752894
753277
753278
753661
753662
754055
754056
754467
754468
754897
754898
755340
755341
755787
755788
756230
756231
756663
756664
757090
757091
757518
757519
757946
757947
758366
758367
758773
758774
759167
759168
759552
759553
759935
759936
760326
760327
760733
760734
761159
761160
761599
761600
762046
762047
762491
762492
762927
762928
763354
763355
763781
763782
764210
764211
764633
764634
765043
765044
765440
765441
765827
765828
766210
766211
766598
766599
767000
767001
767421
767422
767858
767859
768304
768305
768750
768751
769189
769190
769618
769619
770045
770046
770474
770475
770900
770901
771314
771315
771714
771715
772103
772104
772486
772487
772871
772872
773269
773270
773685
773686
774118
774119
774563
774564
775010
775011
775451
775452
775882
775883
776308
776309
776737
776738
777164
777165
777581
777582
777985
777986
778376
778377
778760
778761
779144
779145
779537
779538
779948
779949
780377
780378
780819
780820
781266
781267
781710
781711
782144
782145
782570
782571
782998
782999
783427
783428
783848
783849
784255
784256
784649
784650
785034
785035
785417
785418
785807
785808
786213
786214
786638
786639
787078
787079
787525
787526
787970
787971
788407
788408
788835
788836
789262
789263
789691
789692
790114
790115
790525
790526
790922
790923
791309
791310
791692
791693
792079
792080
792480
792481
792900
792901
793336
793337
793782
793783
794229
794230
794668
794669
795097
795098
795523
795524
795952
795953
796378
796379
796793
796794
797194
797195
797583
797584
797966
797967
798351
798352
798748
798749
799163
799164
799596
799597
800040
800041
800487
800488
800929
800930
801361
801362
801787
801788
802216
802217
802644
802645
803062
803063
803466
803467
803858
803859
804242
804243
804626
804627
805019
805020
805429
805430
805857
805858
806299
806300
806746
806747
807190
807191
807624
807625
808051
808052
808479
808480
808908
808909
809329
809330
809737
809738
810132
810133
810518
810519
810901
810902
811290
811291
811695
811696
812119
812120
812558
812559
813005
813006
813450
813451
813887
813888
814315
814316
814742
814743
815171
815172
815595
815596
816007
816008
816405
816406
816792
816793
817175
817176
817562
817563
817962
817963
818398
818399
818843
818844
819290
819291
819730
819731
820160
820161
820586
820587
821015
821016
821441
821442
821856
821857
822258
822259
822648
822649
823031
823032
823416
823417
823812
823813
824226
824227
824658
824659
825102
825103
825549
825550
825991
825992
826423
826424
826849
826850
827277
827278
827705
827706
828124
828125
828529
828530
828921
828922
829306
829307
829689
829690
830081
830082
830490
830491
830917
830918
831358
831359
831805
831806
832249
832250
832684
832685
833111
833112
833539
833540
833968
833969
834390
834391
834799
834800
835195
835196
835581
835582
835964
835965
836353
836354
836757
836758
837180
837181
837618
837619
838064
838065
838510
838511
838948
838949
839376
839377
839803
839804
840232
840233
840656
840657
841069
841070
841468
841469
841856
841857
842239
842240
842625
842626
843024
843025
843442
843443
843877
843878
844322
844323
844769
844770
845209
845210
845639
845640
846065
846066
846494
846495
846921
846922
847337
847338
847739
847740
848129
848130
848513
848514
848897
848898
849292
849293
849705
849706
850136
850137
850579
850580
851026
851027
851469
851470
851902
851903
852328
852329
852756
852757
853184
853185
853603
853604
854009
854010
854402
854403
854787
854788
855170
855171
855561
855562
855969
855970
856395
856396
856836
856837
857283
857284
857728
857729
858163
858164
858590
858591
859017
859018
859446
859447
859868
859869
860278
860279
860674
860675
861060
861061
861443
861444
861831
861832
862234
862235
862656
862657
863093
863094
863539
863540
863985
863986
864423
864424
864852
864853
865279
865280
865708
865709
866133
866134
866547
866548
866947
866948
867335
867336
867718
867719
868104
868105
868502
868503
868919
868920
869353
869354
869798
869799
870245
870246
870686
870687
871117
871118
871543
871544
871972
871973
872399
872400
872816
872817
873219
873220
873610
873611
873994
873995
874378
874379
874772
874773
875184
875185
875614
875615
876057
876058
876504
876505
876947
876948
877380
877381
877807
877808
878235
878236
878663
878664
879083
879084
879490
879491
879884
879885
880269
880270
880652
880653
881042
881043
881449
881450
881874
881875
882314
882315
882761
882762
883206
883207
883642
883643
884070
884071
884497
884498
884926
884927
885349
885350
885760
885761
886157
886158
886544
886545
886927
886928
887314
887315
887716
887717
888137
888138
888574
888575
889020
889021
889466
889467
889905
889906
890334
890335
890760
890761
891189
891190
891615
891616
892029
892030
892430
892431
892819
892820
893202
893203
893587
893588
893984
893985
894400
894401
894833
894834
895277
895278
895724
895725
896165
896166
896596
896597
897022
897023
897451
897452
897879
897880
898297
898298
898701
898702
899093
899094
899477
899478
899861
899862
900254
900255
900664
900665
901093
901094
901535
901536
901982
901983
902426
902427
902860
902861
903287
903288
903715
903716
904144
904145
904565
904566
904973
904974
905368
905369
905753
905754
906136
906137
906526
906527
906931
906932
907355
907356
907794
907795
908241
908242
908686
908687
909123
909124
909551
909552
909978
909979
910407
910408
910831
910832
911243
911244
911641
911642
912028
912029
912411
912412
912798
912799
913198
913199
913617
913618
914053
914054
914499
914500
914946
914947
915386
915387
915816
915817
916242
916243
916671
916672
917097
917098
917512
917513
917913
917914
918303
918304
918686
918687
919071
919072
919467
919468
919881
919882
920313
920314
920757
920758
921204
921205
921646
921647
922078
922079
922504
922505
922932
922933
923360
923361
923779
923780
924184
924185
924576
924577
924960
924961
925343
925344
925735
925736
926144
926145
926572
926573
927013
927014
927460
927461
927904
927905
928339
928340
928766
928767
929194
929195
929623
929624
930045
930046
930454
930455
930849
930850
931235
931236
931618
931619
932007
932008
932411
932412
932834
932835
933273
933274
933719
933720
934165
934166
934602
934603
935030
935031
935457
935458
935886
935887
936310
936311
936722
936723
937121
937122
937509
937510
937892
937893
938278
938279
938677
938678
939095
939096
939530
939531
939975
939976
940422
940423
940862
940863
941292
941293
941718
941719
942147
942148
942574
942575
942990
942991
943392
943393
943782
943783
944166
944167
944550
944551
944945
944946
945358
945359
945789
945790
946232
946233
946679
946680
947122
947123
947555
947556
947981
947982
948409
948410
948837
948838
949256
949257
949662
949663
950055
950056
950440
950441
950823
950824
951214
951215
951622
951623
952049
952050
952490
952491
952937
952938
953382
953383
953817
953818
954244
954245
954671
954672
955100
955101
955523
955524
955933
955934
956329
956330
956715
956716
957098
957099
957486
957487
957889
957890
958311
958312
958749
958750
959195
959196
959641
959642
960079
960080
960508
960509
960935
960936
961364
961365
961789
961790
962202
962203
962602
962603
962990
962991
963373
963374
963759
963760
964157
964158
964574
964575
965008
965009
965453
965454
965900
965901
966341
966342
966772
966773
967198
967199
967627
967628
968054
968055
968471
968472
968874
968875
969265
969266
969649
969650
970033
970034
970427
970428
970839
970840
971269
971270
971712
971713
972159
972160
972602
972603
973035
973036
973461
973462
973889
973890
974317
974318
974737
974738
975144
975145
975538
975539
975923
975924
976306
976307
976696
976697
977102
977103
977527
977528
977967
977968
978414
978415
978859
978860
979295
979296
979722
979723
980149
980150
980578
980579
981001
981002
981412
981413
981809
981810
982196
982197
982579
982580
982966
982967
983368
983369
983788
983789
984225
984226
984671
984672
985117
985118
985556
985557
985985
985986
986411
986412
986840
986841
987266
987267
987680
987681
988081
988082
988470
988471
988853
988854
989238
989239
989635
989636
990050
990051
990483
990484
990927
990928
991374
991375
991815
991816
992246
992247
992672
992673
993101
993102
993528
993529
993946
993947
994350
994351
994742
994743
995126
995127
995510
995511
995903
995904
996313
996314
996742
996743
997184
997185
997631
997632
998075
998076
998509
998510
998936
998937
999364
999365
999793
999794
1000214
1000215
1000622
1000623
1001017
1001018
1001402
1001403
1001785
1001786
1002174
1002175
1002579
1002580
1003003
1003004
1003442
1003443
1003889
1003890
1004334
1004335
1004771
1004772
1005199
1005200
1005626
1005627
1006055
1006056
1006479
1006480
1006891
1006892
1007289
1007290
1007676
1007677
1008059
1008060
1008446
1008447
1008846
1008847
1009265
1009266
1009701
1009702
1010146
1010147
1010593
1010594
1011033
1011034
1011463
1011464
1011889
1011890
1012318
1012319
1012744
1012745
1013159
1013160
1013561
1013562
1013951
1013952
1014334
1014335
1014719
1014720
1015115
1015116
1015529
1015530
1015961
1015962
1016405
1016406
1016852
1016853
1017294
1017295
1017726
1017727
1018152
1018153
1018580
1018581
1019008
1019009
1019427
1019428
1019832
1019833
1020225
1020226
1020609
1020610
1020992
1020993
1021384
1021385
1021793
1021794
1022220
1022221
1022661
1022662
1023108
1023109
1023552
1023553
1023987
1023988
1024414
1024415
1024842
1024843
1025271
1025272
1025693
1025694
1026102
1026103
1026498
1026499
1026884
1026885
1027267
1027268
1027656
1027657
1028060
1028061
1028483
1028484
1028921
1028922
1029367
1029368
1029813
1029814
1030251
1030252
1030679
1030680
1031106
1031107
1031535
1031536
1031960
1031961
1032373
1032374
1032772
1032773
1033160
1033161
1033543
1033544
1033929
1033930
1034328
1034329
1034746
1034747
1035181
1035182
1035626
1035627
1036073
1036074
1036513
1036514
1036943
1036944
1037369
1037370
1037798
1037799
1038225
1038226
1038641
1038642
1039043
1039044
1039434
1039435
1039817
1039818
1040201
1040202
1040596
1040597
1041008
1041009
1041439
1041440
1041882
1041883
1042329
1042330
1042772
1042773
1043205
1043206
1043631
1043632
1044059
1044060
1044487
1044488
1044907
1044908
1045313
1045314
1045706
1045707
1046091
1046092
1046474
1046475
1046865
1046866
1047272
1047273
1047698
1047699
1048138
1048139
